-0.0029184452061092603 -0.00033189434868547844 0.019016118255725238
-0.013508275731307112 0.00012576322199011654 -0.007205719683148909
-0.008843758468398272 -0.0003272522242655705 0.018750174708823286
-0.02856344763942592 0.0021331779654860587 -0.12222218179026768
-0.036165872010844514 -0.0005471071739098655 0.031346942928390485
-0.037083640223814725 0.0008909781039953608 -0.05104933485350668
-0.03843656269627829 -0.00011349163180618455 0.006502579372422159
-0.03752697721373114 0.0019807509951077907 -0.1134887525750341
-0.03717230793187782 0.0012132575443549096 -0.06951455448035469
-0.03258055280865833 0.0011787776868456411 -0.06753901846628432
-0.03687615017401782 0.002018691086896513 -0.11566255931629296
-0.036851386906756656 0.0009352910969423885 -0.05358824005712559
-0.03697404090071386 0.0015989141539871788 -0.09161108007824498
-0.03738846180022613 0.0008741523428686293 -0.05008524180059223
-0.03915755178112269 0.0017272352522462494 -0.09896334687216912
-0.03425407000039427 0.001859423092164489 -0.10653716842290527
-0.03808034868987214 -0.0010103225079632397 0.05788723086487568
-0.0366538847933637 0.0019656758153398114 -0.11262499756349977
-0.034536482953517855 0.0008103450753510078 -0.04642936201807258
-0.03678747384692206 0.001024164827362436 -0.05868033479145617
-0.03953593549162389 0.0007408721599551912 -0.04244885939216061
-0.03690408112011497 0.0001081007810053119 -0.006193735319821483
-0.036010524304885785 0.0006927696445360283 -0.039692794700279206
-0.03784032576843954 0.0003653213321937136 -0.02093136662773703
-0.035743584185122114 -0.0002650323437959431 0.015185233678907253
-0.040022150834378836 0.00021673009086179912 -0.012417732683721112
-0.036998138453320645 0.0003775697972618637 -0.021633156661128625
-0.0392532112044075 0.00010000637194744434 -0.005729944560894058
-0.03568427890137433 0.00010871551717883852 -0.006228956009135689
-0.037663088628508486 0.0005727322022369818 -0.03281513819113754
-0.036611446036341325 -0.0005651369055173787 0.032379959426444026
-0.03562823577128155 0.0009433903190424342 -0.054052293052827396
-0.03885904097162738 -0.0005209652136204112 0.029849105683279163
-0.03410783972284815 0.0013251015830677583 -0.07592275226852525
-0.03848289604945291 -0.0011720759171727172 0.0671550171024271
-0.035718843813126164 0.0023100128999728135 -0.13235411566732896
-0.035437956784799676 0.0006175619649798739 -0.03538372471098692
-0.03671502404752883 -0.00045998782230706014 0.026355366040054277
-0.037512769161653255 0.001117184601292119 -0.06400998430728114
-0.03620593482736025 7.66437968144949e-05 -0.004391374046273993
-0.03789766176219804 0.0010726287889900926 -0.06145714260807224
-0.034150511769631624 0.000711460831248229 -0.040763748644648636
-0.03733583192545411 0.00028615781178975536 -0.0163956354688798
-0.03648616227733993 -0.0009544722880684614 0.054687241891013906
-0.0364330070312968 0.00037233938155715465 -0.021333474062129633
-0.036418738555880355 0.0011604261630720346 -0.06648755193263108
-0.03732816842955322 -0.0013406553521770398 0.0768139218239271
-0.03592535529341625 0.0020730879321194965 -0.11877927401960141
-0.036162016525502855 0.0005559053240820925 -0.03185102242779379
-0.03590183534931845 -0.0002548967253268278 0.014604495288995396
-0.037140476963173075 0.0008264039963562834 -0.047349474067272315
-0.03690732695535604 0.0014697127332518364 -0.08420838843789472
-0.03952667891574684 -0.00023831105662018272 0.013654217158062596
-0.037660423435445234 0.0014926747700233515 -0.08552402233730547
-0.03809161563764439 -0.013477983106397548 0.772254966971764
-0.036774162593881575 0.00036032288744719255 -0.020644987708094684
-0.037838950394489264 0.001325290430945415 -0.07593358741129161
-0.036454929794673005 2.6768337238814475e-05 -0.0015337098859869091
-0.0388859638624808 -4.731575865841824e-06 0.0002710864210939803
-0.03834684183389019 0.0011266409843024106 -0.0645518210927367
-0.0361671985975424 0.00030257410250401575 -0.017336224627333627
-0.03854500999053704 -0.0002702268667278389 0.015482849536614598
-0.03692259471014143 0.0013112563014382483 -0.0751295105027172
-0.03686896630343915 -0.0008777792898621476 0.0502930427416629
-0.03805781333547284 0.002048914731386309 -0.11739426526258205
-0.03896019959233573 6.698998042410416e-05 -0.003838242611502872
-0.03556164521050055 0.000286871764863266 -0.016436625033468814
-0.03624626437737468 -0.00028243865638983667 0.016182401304536846
-0.040588754636400264 -0.00022951991186504414 0.013150498348364015
-0.037114632934850914 -0.00044622972790214744 0.025567088416116865
-0.03879095907879945 0.0011589125528855032 -0.06640082386079289
-0.03731610187013147 -4.108241927491517e-06 0.00023534291684006704
-0.035844555199157656 -0.0010119928970954899 0.05798284671467406
-0.0369134886826326 0.00030829206761107846 -0.01766386212177358
-0.03626470232637182 0.00045221594672107264 -0.025910070432719576
-0.03784896008279343 -0.0008940935956699331 0.051227759727283766
-0.036280994267463895 0.0008951826419315064 -0.051290253561645564
-0.03624939705135522 -2.9574669285524658e-05 0.0016944570076121931
-0.04003362058958237 0.00032118379519263456 -0.01840247646958209
-0.03727659482627178 -0.00021117551071574625 0.012099339591912868
-0.03715744569668098 0.0012270774491040368 -0.07030651393480047
-0.03785399526155662 0.0006517945344643653 -0.03734509023466181
-0.03839966530879296 0.0005958610514029009 -0.034140345463447165
-0.03658004189192763 -7.701283897906634e-05 0.004412518692454405
-0.03708042672307759 0.0003537169668254645 -0.02026653459557782
-0.03555503808745263 -0.001340515851488994 0.07680580769587657
-0.037367913524101015 -0.015602448803286659 0.8939907426295143
-0.03961232689895606 -0.0002102504487675559 0.01204647345730107
-0.0352893261108067 -4.337029093426282e-05 0.002484951446803678
-0.037810706761250576 -1.6264950242318726e-05 0.0009319271870219752
-0.033654674866469725 -0.0009679377685739764 0.05545876476816939
-0.037286237638917474 -0.00011984325774334198 0.0068665125403373104
-0.040798101620148464 -0.0010090146648431481 0.05781242831798547
-0.0367757664253416 -0.0003388108476909269 0.019412617666532128
-0.03841154470800017 0.001673077162923206 -0.09586028639640011
-0.03840847097707603 -0.0013437345246477455 0.07699034081640001
-0.03859025938345487 0.00014582506372039006 -0.008355158028292271
-0.03475241434355466 0.0002150383467838002 -0.012320712166758124
-0.039042667185905086 -0.00029314687143782364 0.016796146834276066
-0.03922703580131075 -0.0008817702723293091 0.050521718574318634
-0.03867920645284601 0.0005718309365485797 -0.03276350669426549
-0.038435171321067184 -0.00031706998111329343 0.018166778897164733
-0.03718354678713742 0.00010546437835904585 -0.006042632584214864
-0.036281724136345436 -0.002354132115846201 0.1348819943544711
-0.03840689808423983 -0.00033632657801548803 0.019270094195721333
-0.04049311118163012 -0.000890343769700976 0.05101311827561134
-0.03464240701736733 -0.0008632859711367219 0.04946274997616202
-0.036747477970864036 0.0007247498404427358 -0.04152510116269034
-0.03676206200053274 -0.001617997410582738 0.0927044710614161
-0.03797032428512925 0.0005129552572071152 -0.02939017269419239
-0.03847138015304932 0.0008900914817249181 -0.05099845335343444
-0.03719821730750442 -0.0001238934151860391 0.007098553547590156
