156 1657
0.2660068772531295 0.05181194420241817 -2.9699361574786614
261 1535
-0.00671356357505884 0.021627877677467263 -1.2392828621930734
410 1427
0.8406523301062023 0.5407458436949976 -34.37607778704743
562 783
0.0031215515192616478 -0.07023720145325864 4.027611445207324
660 698
1.6332662388557686 -0.23406238760015452 15.324242780198485
1015 1284
0.320555109837035 0.25599349476139427 -14.832462781106647
1088 1208
0.30701217825975574 0.1296351351336311 -7.448509230078752
353 450
-0.4845239848299503 -0.10640380139465724 6.108055920831536
450 894
0.08751219641774853 0.05585076384944001 -3.168366845811582
894 1389
-0.4770169480799726 -0.19164234314923395 11.048644583777875
1389 1423
0.2391487549413733 0.04154890317329035 -2.3812626221348547
1 1754
2.5795079072220912 0.04160506195232943 -179.564033607403
