59 1622
0.3638459001310207 -0.3449767514247271 20.180376808650355
135 1551
-0.014818215894389246 0.046820765527523664 -2.6836129395463404
188 1485
-0.4024467929311751 0.016007324412603084 -0.9171913415103992
300 1389
0.43882712075809804 -0.12707859142813138 7.300807572899478
320 1375
0.24353124544221216 0.08842146040179773 -5.0747827317274545
336 1352
0.08218289796978095 -0.07544836455353209 4.326984654818311
382 1293
0.48264594476330325 0.0024703009027590293 -0.1415379079021387
445 1218
-0.047421723261717466 -0.0959796971240853 5.5077101518294675
508 1161
0.376522825269388 0.21926185156422925 -12.665681428421378
595 1106
0.4815854144448262 0.045144095154096016 -2.587445646394015
606 1098
0.5910245769766871 -0.145785037220708 8.373516233047356
620 1072
0.3197630043335821 0.10009538125999287 -5.74466269522765
693 990
0.36284329799653625 0.05735283705753026 -3.287879265533728
749 941
0.024479054336586717 -0.014100405647246208 0.807920449845105
854 882
5.22608793125102 -0.8697639644846427 119.5686711925717
